test
test 1
test 2 2
new new new
30798
24709
31797
36195
40701
34504
46949
42155
50162
25562
38126
26018
41827
40600
41808
46360
42231
38550
48432
42064
45251
37281
49800
43499
23357
46618
24671
25069
39013
37288
26855
36755
41657
30316
24244
26038
36614
23662
23148
30293
24284
23495
27016
24551
26360
24501
38512
40913
39438
39907
30009
31448
45118
42908
41205
41658
41610
30870
29364
29267
29107
28120
30633
31652
44458
38225
30916
29536
31372
33717
31357
33122
32938
50008
29820
31182
29629
32128
31314
32829
32345
31621
32368
31164
30901
33886
37265
31067
30270
30889
29873
30584
32264
32072
32946
30641
32227
31089
32458
37514
23900
23975
24686
24684
24458
24525
48274
29299
29562
21767
25061
23816
29110
24831
27650
24575
24752
25731
24578
24466
28255
28354
29034
28986
25702
29755
28613
31292
40561
43386